[6.093897989052786, 66.54167390659727][(4811, 6.093897989052786, 66.54167390659727),
 (4867, 9.174444053640658, 68.42820121774494),
 (4827, 10.327490200116946, 62.26503925134985),
 (4789, 1.654786402110765, 71.3024379438244),
 (4745, 9.605836301907729, 60.246185096954605),
 (4845, 7.01373173784165, 77.83845516322987),
 (4884, 11.200874157656052, 77.50764710115368),
 (4764, 15.792249306098544, 74.09513985141058),
 (4796, 2.4867497383181583, 54.816650633251776),
 (4812, 11.295001001388108, 54.89777978240957),
 (4732, 8.440649473223399, 79.66894701108232),
 (4776, 7.362244733642321, 53.209985421659795),
 (4737, 14.84680032803627, 76.89734383655083),
 (4716, 19.558564495496867, 65.43938702112732),
 (4866, 7.289200794990284, 80.3484525058049),
 (4909, 19.5711480468201, 60.50841139842227),
 (4832, 20.646050558522152, 69.01150679560475),
 (4823, 21.168301546429404, 63.14695252353984),
 (4742, 5.370531994243626, 82.1187099418416),
 (4779, 9.74024592527914, 81.7866902012323),
 (4876, 22.332282073291562, 68.85894289086794),
 (4806, 19.287863453035595, 76.7733156664157),
 (4874, 19.66821426337831, 56.78933857428508),
 (4893, 14.053342571681949, 81.98783680129776),
 (4843, 6.252554704408018, 84.18257960400376),
 (4908, 4.2723219053265336, 48.90483449081436),
 (4879, 18.203229844047343, 79.79546849259015)]

______________

[11.295001001388108, 54.89777978240957][(4812, 11.295001001388108, 54.89777978240957),
 (4776, 7.362244733642321, 53.209985421659795),
 (4745, 9.605836301907729, 60.246185096954605),
 (4827, 10.327490200116946, 62.26503925134985),
 (4874, 19.66821426337831, 56.78933857428508),
 (4796, 2.4867497383181583, 54.816650633251776),
 (4908, 4.2723219053265336, 48.90483449081436),
 (4909, 19.5711480468201, 60.50841139842227),
 (4859, 18.9018444539007, 45.497708084772164),
 (4844, 22.199462142536994, 49.6394034797042),
 (4811, 6.093897989052786, 66.54167390659727),
 (4823, 21.168301546429404, 63.14695252353984),
 (4716, 19.558564495496867, 65.43938702112732),
 (4867, 9.174444053640658, 68.42820121774494),
 (4714, 4.610875627294667, 42.75554326680081),
 (4792, 25.35490281397824, 61.90857072598348),
 (4832, 20.646050558522152, 69.01150679560475),
 (4750, 12.975087159555653, 37.863945097041935),
 (4877, 20.161025171864797, 39.888355424035545),
 (4886, 27.202558817125112, 61.59708837640829),
 (4876, 22.332282073291562, 68.85894289086794),
 (4804, 27.8266323005501, 48.059383128021786)]

______________

[50.36738230729696, 32.17320710926379][(4813, 50.36738230729696, 32.17320710926379),
 (4727, 50.51367104849289, 28.145277150333715),
 (4751, 51.20406444211607, 37.299393406272856),
 (4733, 46.5517165242805, 28.39996582012694),
 (4769, 51.179993748502596, 24.9586735203633),
 (4756, 53.419514695209834, 38.30609953712184),
 (4718, 54.27161411246953, 26.671455762555514),
 (4735, 54.47469958709674, 38.365476617890366),
 (4834, 46.67945875147911, 22.966000237540403),
 (4747, 57.04329841443883, 37.814490990548116),
 (4755, 56.436266918288524, 40.497682348581364),
 (4754, 57.608556865160885, 38.13036340026851),
 (4721, 58.56870105233851, 23.837045309952387),
 (4730, 46.02459206410661, 17.618490474387915),
 (4767, 56.72893697972516, 46.77716354143068),
 (4853, 60.869719075200805, 36.98538182734633),
 (4882, 52.44795500983886, 50.639319424385846),
 (4889, 61.786320405195625, 40.68215817966179),
 (4842, 55.673843971477474, 50.96921727488645),
 (4856, 38.59983560855845, 38.97937228366993),
 (4744, 48.18890892786883, 12.586599705093084),
 (4840, 38.63977451071624, 24.294288281610715),
 (4869, 62.006490537284535, 20.836677382195106),
 (4906, 47.11556745909513, 51.80995326818691),
 (4740, 64.21671277721538, 32.21165424871882),
 (4717, 49.630382699413, 10.348453698170768),
 (4851, 41.156453908785345, 16.946251533523704),
 (4784, 54.18930670347407, 9.711824156932918),
 (4822, 64.02038406522362, 22.252688746749076),
 (4808, 39.73499128264656, 16.831707649465468),
 (4891, 59.349946871810445, 54.07539085009661),
 (4749, 43.78674261621945, 53.374381592181166),
 (4857, 48.64988763691481, 7.816431017228403),
 (4713, 34.283573507966295, 38.36985955527755),
 (4770, 63.37458071343213, 51.809163740390986),
 (4777, 67.44236049710713, 29.192765532498907)]

______________

[84.9464448413026, 13.441278503129464][(4814, 84.9464448413026, 13.441278503129464),
 (4760, 84.95473366915856, 9.32595733602737),
 (4864, 85.5393717222532, 8.461734352085605),
 (4783, 85.03163052431017, 32.9764290171371),
 (4901, 87.14875966732168, 16.70850404127883),
 (4852, 82.20089187448168, 6.560936667548633),
 (4888, 85.06571255375982, 47.103850672939586),
 (4765, 86.79024694336512, 48.08018601683001),
 (4878, 81.83147519240629, 17.51645985287955),
 (4807, 88.33308966556947, 30.37837069524458),
 (4719, 81.51272327289857, 19.64125037718469),
 (4903, 81.08298386365779, 29.112536428185702),
 (4900, 88.64274327296464, 63.30132678720432),
 (4837, 89.44439189226757, 6.069479889505365),
 (4848, 89.53616941751046, 30.608785488662953),
 (4788, 80.14055317262917, 22.645543998741225),
 (4816, 85.37611765796662, 80.30163144423459),
 (4905, 85.08309163453129, 79.85964613623018),
 (4741, 79.4835093679236, 28.084762361002486),
 (4773, 81.01264153078647, 59.07606571591226),
 (4861, 79.05802877764583, 45.23712264345704),
 (4762, 82.36907080711518, 80.39140410069936),
 (4898, 81.2693571312209, 73.40975969592445),
 (4826, 82.45108317547962, 87.14737477123413),
 (4910, 79.76373089206291, 62.9956529876034),
 (4849, 77.88522617089183, 40.550152549563066),
 (4761, 78.01564573223244, 44.89682666642435),
 (4892, 80.7867437751111, 81.82974556461119),
 (4763, 75.05326704739642, 37.40934028654667),
 (4868, 76.57180762584682, 78.05447978713934),
 (4872, 76.97217482557313, 83.96977292246495),
 (4841, 72.27153617037388, 15.464999079091955),
 (4829, 74.45523400600658, 70.80358388542302),
 (4809, 71.82093374329331, 42.07780243130875),
 (4862, 74.39846060006957, 80.36753684451347),
 (4775, 71.74855285483692, 50.28033705713644),
 (4801, 70.4234433005384, 24.93813734472275),
 (4854, 72.18863980179867, 61.6666962372283),
 (4871, 69.5044348107321, 29.610134397939863),
 (4873, 69.17807985581659, 21.406619645764806),
 (4729, 72.75715138311236, 83.96336139826643),
 (4736, 68.33171647542162, 24.401680066388828),
 (4793, 68.0248788614461, 5.78631026454797),
 (4791, 69.339766995288, 54.78224275282275),
 (4777, 67.44236049710713, 29.192765532498907)]

______________

[3.9546472074351993, 23.54660749031561][(4815, 3.9546472074351993, 23.54660749031561),
 (4759, 4.573642653657252, 28.962500606258264),
 (4818, 6.7883230293509635, 28.33305399849692),
 (4726, 3.0061543465924254, 29.531953496923474),
 (4890, 2.9184772279760685, 32.40663289482728),
 (4758, 9.354542679418131, 16.20607941631278),
 (4838, 6.126697667637586, 32.58243004170093),
 (4711, 2.3501841232757337, 13.76712571575387),
 (4805, 14.089610604596688, 28.45202566624868),
 (4904, 14.454653479695923, 27.90424683225135),
 (4865, 1.0079698095257883, 12.344588437889458),
 (4790, 10.241176740493396, 35.143465592626086),
 (4825, 14.910974016165289, 31.703587522409133),
 (4781, 19.23474745928713, 26.809899679518427),
 (4821, 11.476714253641592, 8.869130656990055),
 (4828, 11.928001780439132, 8.685750484892814),
 (4750, 12.975087159555653, 37.863945097041935),
 (4850, 15.394487344735657, 9.679168423204462)]

______________

[85.37611765796662, 80.30163144423459][(4816, 85.37611765796662, 80.30163144423459),
 (4905, 85.08309163453129, 79.85964613623018),
 (4765, 86.79024694336512, 48.08018601683001),
 (4888, 85.06571255375982, 47.103850672939586),
 (4762, 82.36907080711518, 80.39140410069936),
 (4826, 82.45108317547962, 87.14737477123413),
 (4900, 88.64274327296464, 63.30132678720432),
 (4807, 88.33308966556947, 30.37837069524458),
 (4783, 85.03163052431017, 32.9764290171371),
 (4898, 81.2693571312209, 73.40975969592445),
 (4901, 87.14875966732168, 16.70850404127883),
 (4848, 89.53616941751046, 30.608785488662953),
 (4837, 89.44439189226757, 6.069479889505365),
 (4892, 80.7867437751111, 81.82974556461119),
 (4773, 81.01264153078647, 59.07606571591226),
 (4864, 85.5393717222532, 8.461734352085605),
 (4814, 84.9464448413026, 13.441278503129464),
 (4760, 84.95473366915856, 9.32595733602737),
 (4910, 79.76373089206291, 62.9956529876034),
 (4903, 81.08298386365779, 29.112536428185702),
 (4878, 81.83147519240629, 17.51645985287955),
 (4719, 81.51272327289857, 19.64125037718469),
 (4861, 79.05802877764583, 45.23712264345704),
 (4852, 82.20089187448168, 6.560936667548633),
 (4788, 80.14055317262917, 22.645543998741225),
 (4872, 76.97217482557313, 83.96977292246495),
 (4741, 79.4835093679236, 28.084762361002486),
 (4761, 78.01564573223244, 44.89682666642435),
 (4868, 76.57180762584682, 78.05447978713934),
 (4849, 77.88522617089183, 40.550152549563066),
 (4862, 74.39846060006957, 80.36753684451347),
 (4829, 74.45523400600658, 70.80358388542302),
 (4763, 75.05326704739642, 37.40934028654667),
 (4729, 72.75715138311236, 83.96336139826643),
 (4854, 72.18863980179867, 61.6666962372283),
 (4775, 71.74855285483692, 50.28033705713644),
 (4809, 71.82093374329331, 42.07780243130875),
 (4841, 72.27153617037388, 15.464999079091955),
 (4791, 69.339766995288, 54.78224275282275),
 (4801, 70.4234433005384, 24.93813734472275),
 (4724, 67.89575035049488, 88.73534246203175),
 (4871, 69.5044348107321, 29.610134397939863)]

______________

[32.70132416295128, 25.903961017221732][(4817, 32.70132416295128, 25.903961017221732),
 (4728, 33.3634715254922, 19.402361674975737),
 (4896, 32.50231218715518, 18.860297371303837),
 (4753, 29.465616167636178, 19.97081661846537),
 (4840, 38.63977451071624, 24.294288281610715),
 (4808, 39.73499128264656, 16.831707649465468),
 (4713, 34.283573507966295, 38.36985955527755),
 (4860, 22.175936817989353, 23.88705335149071),
 (4851, 41.156453908785345, 16.946251533523704),
 (4734, 28.86747530611678, 13.710556999283005),
 (4723, 31.229503305255292, 39.53208509291849),
 (4771, 38.434795679961645, 13.033314222873262),
 (4782, 36.21003135191909, 12.06380890882889),
 (4795, 28.755213001192615, 12.586961945780551),
 (4856, 38.59983560855845, 38.97937228366993),
 (4757, 32.90777236469021, 41.483813293990764),
 (4781, 19.23474745928713, 26.809899679518427),
 (4733, 46.5517165242805, 28.39996582012694),
 (4834, 46.67945875147911, 22.966000237540403),
 (4730, 46.02459206410661, 17.618490474387915),
 (4907, 32.06594080229213, 44.2552722183779),
 (4774, 30.888795810021115, 5.911591827578199),
 (4839, 40.084258408325866, 6.283722471929246),
 (4877, 20.161025171864797, 39.888355424035545),
 (4727, 50.51367104849289, 28.145277150333715)]

______________

[6.7883230293509635, 28.33305399849692][(4818, 6.7883230293509635, 28.33305399849692),
 (4759, 4.573642653657252, 28.962500606258264),
 (4726, 3.0061543465924254, 29.531953496923474),
 (4838, 6.126697667637586, 32.58243004170093),
 (4815, 3.9546472074351993, 23.54660749031561),
 (4890, 2.9184772279760685, 32.40663289482728),
 (4805, 14.089610604596688, 28.45202566624868),
 (4790, 10.241176740493396, 35.143465592626086),
 (4904, 14.454653479695923, 27.90424683225135),
 (4825, 14.910974016165289, 31.703587522409133),
 (4750, 12.975087159555653, 37.863945097041935),
 (4758, 9.354542679418131, 16.20607941631278),
 (4781, 19.23474745928713, 26.809899679518427),
 (4714, 4.610875627294667, 42.75554326680081),
 (4711, 2.3501841232757337, 13.76712571575387),
 (4860, 22.175936817989353, 23.88705335149071),
 (4865, 1.0079698095257883, 12.344588437889458),
 (4877, 20.161025171864797, 39.888355424035545)]

______________

[13.937805862144232, 85.05234164960383][(4819, 13.937805862144232, 85.05234164960383),
 (4893, 14.053342571681949, 81.98783680129776),
 (4899, 15.708138186086082, 87.75420938127199),
 (4780, 10.533727533414211, 88.74384253724419),
 (4779, 9.74024592527914, 81.7866902012323),
 (4879, 18.203229844047343, 79.79546849259015),
 (4732, 8.440649473223399, 79.66894701108232),
 (4843, 6.252554704408018, 84.18257960400376),
 (4884, 11.200874157656052, 77.50764710115368),
 (4737, 14.84680032803627, 76.89734383655083),
 (4799, 21.9735369920036, 84.13319237446642),
 (4866, 7.289200794990284, 80.3484525058049),
 (4742, 5.370531994243626, 82.1187099418416),
 (4806, 19.287863453035595, 76.7733156664157),
 (4800, 21.23787972270959, 78.2841176875587),
 (4845, 7.01373173784165, 77.83845516322987),
 (4764, 15.792249306098544, 74.09513985141058),
 (4768, 2.000311089836634, 86.46876223061835),
 (4748, 1.7609446379375215, 86.68269173138039),
 (4785, 27.394059041412945, 76.10101324446934),
 (4830, 29.83134839905325, 80.08987298205656),
 (4832, 20.646050558522152, 69.01150679560475),
 (4867, 9.174444053640658, 68.42820121774494),
 (4772, 30.740197636396722, 88.883547149252),
 (4876, 22.332282073291562, 68.85894289086794)]

______________

[39.462222289815465, 79.58024779883401][(4820, 39.462222289815465, 79.58024779883401),
 (4881, 43.11147227072806, 77.93840411784909),
 (4743, 41.31019225553093, 72.56681629612083),
 (4858, 33.92620010114114, 76.11665398657243),
 (4810, 42.52797966383015, 87.36149561522274),
 (4752, 43.899591552586266, 71.12792804735206),
 (4712, 46.82080927705127, 83.29756725500565),
 (4725, 45.90042227562419, 71.98809117587558),
 (4778, 39.574926793967414, 67.82027861507963),
 (4830, 29.83134839905325, 80.08987298205656),
 (4731, 41.28160601097326, 67.0784031108687),
 (4772, 30.740197636396722, 88.883547149252),
 (4785, 27.394059041412945, 76.10101324446934),
 (4887, 49.87610562134419, 68.75171711309918),
 (4786, 51.90225320153563, 86.29540290846265),
 (4722, 51.30743300658451, 88.2682781977502),
 (4738, 52.55213505281524, 73.33527938042431),
 (4897, 37.97682813139329, 61.93500195730101),
 (4836, 53.001482234654944, 87.50828631084586),
 (4798, 53.46254492068759, 86.02289050794015),
 (4746, 27.0081605154081, 68.70635646562846),
 (4880, 26.813820207099987, 67.85698504188908),
 (4902, 55.30930765377057, 72.80122432761303),
 (4831, 52.28002628430991, 64.0469798353192),
 (4797, 55.92920930852089, 83.98680440296964),
 (4846, 55.84743326028959, 70.36823880223032),
 (4847, 32.37062572588551, 59.342234709249496),
 (4799, 21.9735369920036, 84.13319237446642)]

______________

